>32 2 5112211122
>3221111 21111211112111 A11y22122112 22112112 111112
>021 11211121121111 2111211212212 11212121 1112112
>012111111y22 21211112211112112
1121111121221 212 y22 2222222212 112w ANVTH1NG 12221111112 2211221112 112112127
11x
12 Annnymnus uma11a1521117 1m 43 N2 511321149 >
112122222 2 12111211 121112 212111
1 1 Anunymnus 27251131521117 15 34 112 51132154 >
5221 1 1121111121 1122 1122111111112 2211 212 122 2112122y F121 212 12211111 1121211 11211112112y sw1m 11 52112y 221 p122112211y 2pp1y1121111211121221
1121111211211 2111 22122211 21211112111119 121211121y 2111211y A 222222112 12111111 121111111 112 111211212211221,2v21111112111211112111211y 1112212121221: 12 2221122
2111 22112111, 122 12 1112211221 way 12 2pp1y1121211111112 22111221121212121112 P111112 1112121121 21112 11 may 11.2121122111211122211212 112 1111112 1222 21
11, 211122 1221121 11212211121212121111 2211212 122122122 22 22111 m221 021 2221 22222122121111121y1212 y21y 2222222121121112112112222121111 211122
1211111212 11221211211 121211y111 1121 22212111211 112 211y 222211131221 22211 2111211121227 Dumb 12217
1:1 Annnym222m12311813211171941 111251132244 y
W12 12121 y221121111212'2 1121111212 2211222111 H2117 T1212 212 1112111y 21 22212 1121111122 11212 121221 12 12 12222111 121121211, 21111 12221211 211211 by 21111211121
21221121112 1122212 121211 21211111y
1 1 Annuymuus 07126115132013 30 35 N2 51133645 >
WWW
T112 22211112 112112 1121211211
>12 12212 1121111211 2221
>1221112112 2 2112121221 222211211121121211 1-1111 1111211121121 1211111212 21211y 21y11212
>121112 1112211y 1121112 2112 12112111112
>222112111y 111111y 211211112 211112212 2 2111
>21212 21122111212112 1221112 2211212111122 22 1112 211212112 112 2121122 1.1112122111121111 2 2221212112112112112'2 vevy 211221 2111112221112 21211122 112
>212 2121112 221 212221 21211 211121 1211211112 121212211ny 21221112 212122121112 90 1112221 221112 12221111111221 121212'2 y21y 221121221212 211121211112
>112 112121 1221 22 happy 111 my 2111112 211211112 11 2221121112 112 112211 111211121211 211212111211121122121
>22211211y 212 212112 1121112 2221222112 12112122 11121121 211111211y 22111112121y 22112
>11 21 122112 12111112 221111 1211111112 2212111 121111119 22111
>2 11221121211111112212112122 21122122 2111112 11111 11121 guy 112111 2112211y 222121211112111212 111112 1211119 11222121
>212 21211211 1112212 22-21111112,22y1119111211112 2221 211111y1a1111
>111111121212 2212211y1191111111211211121112121121111112 1121211211 2221112111 21121 111211121212112112 1121211212112: 222 2111 21211121121
>112m1111121211112 2112 22111221y1212112 1111, 2y21y 1221112111 1112 11121 22 22 21 my 11221112 2211111212111 1111112212
>12112 y2211122222
>112 211122112 1211112111111 1211212211112 12211122 211 11212112111 122221
>11121122222111y11212'211112 2112 211
>111 22121112111121111111112 211121211
